1305031102.175304 0 0 0 -0 -0 -0 1
1305031102.211214 -0.00275618   0.0100499   0.0123737 -0.00134771 -0.00293209 -0.00122681    0.999994
1305031102.275326 -0.00373304   0.0101033   0.0393662   -0.0130513  -0.00907974 -0.000673019     0.999873
1305031102.311267 -0.00353007  0.00878591   0.0541691  -0.0179057  -0.0115081 -0.00011919    0.999773
1305031102.343233 -0.00294695  0.00765052   0.0657605 -0.0209827 -0.0137135  0.0025781   0.999682
1305031102.375329 -0.00259806  0.00869159   0.0782942 -0.0231695 -0.0160147 0.00300421   0.999599
1305031102.411258 -0.00664686   0.0120445   0.0867058 -0.0243607 -0.0174329 0.00167877    0.99955
1305031102.443271 -0.00819216   0.0210023   0.0978731 -0.0272558  -0.020627 0.00154356   0.999414
1305031102.475318 -0.00593893   0.0203614    0.114167 -0.0352203 -0.0239621 0.00147518   0.999091
1305031102.511219 -0.00506674   0.0215738     0.12889  -0.0400543  -0.0236258 0.000378952    0.998918
1305031102.575286 -0.00393381     0.01629    0.158279  -0.0482561  -0.0218746 -0.00276192    0.998592
1305031102.611233 -0.00545542   0.0155314    0.170057  -0.0455348  -0.0186933 -0.00177055    0.998786
1305031102.675285 -0.0111056   0.024076   0.189139   -0.0439163   -0.0176373 -0.000301248     0.998879
1305031102.711263 -0.0112833  0.0246014   0.203633 -0.0449216 -0.0182874 0.00102196   0.998823
1305031102.743234 -0.0117593  0.0327381   0.215674 -0.0441471  -0.018473 0.00259392   0.998851
1305031102.775472 -0.0100778  0.0345803   0.232052 -0.0463057 -0.0174564 0.00123312   0.998774
1305031102.811232 -0.0112545  0.0384647   0.244057  -0.0469672  -0.0141054 0.000221994    0.998797
1305031102.843290 -0.0110478  0.0395959   0.258406   -0.0489687   -0.0108625 -0.000778907     0.998741
1305031102.875363 -0.0143219  0.0418583    0.26813   -0.048261 -0.00682103 -0.00314185    0.998807
1305031102.911185 -0.0155202  0.0450597   0.279491  -0.0476153 -0.00524144 -0.00457258    0.998842
1305031102.975203 -0.0267838  0.0494143   0.294229  -0.0482534 -0.00773842 -0.00705158     0.99878
1305031103.011215 -0.0262501  0.0521914   0.306337  -0.0496722  -0.0146668 -0.00411957    0.998649
1305031103.043227 -0.0272931  0.0552867    0.31707  -0.0514006  -0.0204905 -0.00168177    0.998466
1305031103.075319 -0.0236726  0.0553161   0.329829 -0.0521764 -0.0251079 0.00125084   0.998321
1305031103.111240 -0.0250291  0.0624434   0.338396 -0.0493916 -0.0243756 0.00193552    0.99848
1305031103.143318 -0.0247486  0.0651655   0.350477 -0.0511626 -0.0249412 0.00365474   0.998372
1305031103.175452 -0.0252988  0.0691306   0.355575 -0.0515032 -0.0229146 0.00295387   0.998406
1305031103.243216 -0.0262551  0.0757395   0.368953 -0.0636941  -0.022447 0.00699667   0.997692
1305031103.275370 -0.0313571  0.0742061   0.367297 -0.0743063 -0.0223724  0.0101603   0.996933
1305031103.311210 -0.0305065  0.0687815   0.373817 -0.0831452 -0.0322953  0.0115839   0.995947
1305031103.343223 -0.024895 0.0719364  0.381168 -0.0826525 -0.0391796  0.0113337   0.995743
1305031103.375327  -0.02343 0.0715216  0.382929 -0.0863374 -0.0382814  0.0134117    0.99544
1305031103.411260 -0.0244503  0.0659627   0.380535 -0.0896073 -0.0371148  0.0148222   0.995175
1305031103.443280 -0.0255259  0.0638706   0.375193 -0.0894573  -0.038947  0.0143071   0.995126
1305031103.475274 -0.0253909  0.0609797   0.372539 -0.0891725 -0.0419526   0.012823    0.99505
1305031103.511333 -0.025017 0.0575004   0.36707 -0.0864825 -0.0437234  0.0108529   0.995234
1305031103.543444 -0.0247113  0.0529287   0.359902 -0.0824291 -0.0451044 0.00915508   0.995534
1305031103.575474 -0.0241324   0.049462   0.347445 -0.0780655 -0.0464957 0.00966803   0.995816
1305031103.611223 -0.0243322  0.0447703   0.337342 -0.0761098  -0.049487  0.0115309   0.995804
1305031103.643445 -0.0236858  0.0407742   0.327407 -0.0731079 -0.0536778  0.0120562   0.995805
1305031103.675523 -0.0216066  0.0373816    0.31737  -0.070084 -0.0566692  0.0119943   0.995858
1305031103.711610 -0.0198884   0.034033    0.30617 -0.0673494 -0.0578513  0.0116673   0.995983
1305031103.743326 -0.0180982  0.0281501   0.295125 -0.0653004 -0.0578674  0.0109428   0.996126
1305031103.775342 -0.0169854  0.0251659   0.279355 -0.0618147 -0.0573276  0.0071464   0.996414
1305031103.811242 -0.0152912  0.0226523    0.26454 -0.0619028 -0.0564598 0.00360183   0.996477
1305031103.843251 -0.0167913  0.0185403   0.243936  -0.0656575  -0.0549624 4.92373e-05    0.996327
1305031103.875361 -0.0159978 0.00668577   0.232804 -0.0744083 -0.0583566 -0.0021072   0.995517
1305031103.911221   -0.014029 0.000576617    0.221307  -0.0735408  -0.0629488 -0.00316645    0.995299
1305031103.943211  -0.0124631 -0.00241898    0.206634  -0.0711543  -0.0657182 -0.00426165    0.995289
1305031103.975373  -0.0097612 -0.00691146     0.19545  -0.0692284  -0.0682698 -0.00492985     0.99525
1305031104.011232 -0.00611961  -0.0105953    0.186456  -0.0645563  -0.0693594 -0.00571598    0.995484
1305031104.043249 -0.00318699  -0.0131474    0.171111  -0.0568148  -0.0664995 -0.00833649    0.996133
1305031104.075425 -0.00241257  -0.0131906    0.155677 -0.0520307 -0.0614213 -0.0116614   0.996687
1305031104.111235 0.00178976 -0.0184622   0.145586 -0.0493519 -0.0565546 -0.0125933   0.997099
1305031104.143230 0.000723697  -0.0237905    0.128955 -0.0449132 -0.0499031 -0.0136923    0.99765
1305031104.175424 0.00123422 -0.0262663   0.114209 -0.0406272 -0.0466247 -0.0141988   0.997985
1305031104.211283 0.00284053 -0.0311512   0.101648 -0.0369605 -0.0443307 -0.0139002   0.998236
1305031104.243196  0.0038144 -0.0331302  0.0886225 -0.0320578 -0.0420536 -0.0139019   0.998504
1305031104.275546  0.0051142 -0.0344646  0.0763964 -0.0272688 -0.0396374 -0.0147325   0.998733
1305031104.311219 0.00560626 -0.0368726  0.0638056 -0.0236556 -0.0361898 -0.0151993   0.998949
1305031104.343342 0.00685439 -0.0367722  0.0529036 -0.0200159  -0.032218 -0.0158555   0.999155
1305031104.375837 0.00705022 -0.0388266  0.0412444 -0.0184593 -0.0271855 -0.0155698   0.999339
1305031104.411509 0.00562272 -0.0415745  0.0283705  -0.017635  -0.022773 -0.0150171   0.999472
1305031104.443288 0.00231574  -0.043771  0.0144058 -0.0177192 -0.0202997   -0.01447   0.999532
1305031104.475456 0.000127364  -0.0458616  0.00430541 -0.0184178 -0.0212387 -0.0132946   0.999516
1305031104.511329 -0.000494498    -0.049071  -0.00271248 -0.0180257 -0.0239168 -0.0114205   0.999486
1305031104.543368  0.00211151  -0.0486229 -0.00944619 -0.0139614 -0.0268014 -0.0104742   0.999488
1305031104.575343 0.00674679 -0.0498351 -0.0123522 -0.00916215  -0.0278358 -0.00935987    0.999527
1305031104.611336  0.0154367 -0.0562406 -0.0160953 -0.000445361   -0.0257949    -0.007578     0.999638
1305031104.643243  0.0181582 -0.0510895 -0.0273052   0.0135658  -0.0185778 -0.00719053     0.99971
1305031104.675525  0.0225912    -0.0547 -0.0302922  0.0241605 -0.0118642 -0.0047301   0.999626
1305031104.711277  0.0229265 -0.0575842 -0.0430092   0.0375367 -0.00399653 -0.00255241    0.999284
1305031104.743280  0.0260162 -0.0569973  -0.054654    0.0508219   0.00272773 -0.000810298     0.998704
1305031104.775327  0.0269573 -0.0569256 -0.0648318  0.0627232 0.00987389 0.00100178   0.997982
1305031104.811465  0.0317551 -0.0518511 -0.0738062  0.0744537  0.0155463 0.00393182   0.997096
1305031104.843258  0.0302448 -0.0487997 -0.0818482  0.0828912  0.0226585 0.00605702   0.996283
1305031104.875350  0.0250931 -0.0429708 -0.0882649 0.0892757 0.0270713 0.0079275  0.995607
1305031104.911534  0.0268629 -0.0398773 -0.0893457 0.0916665 0.0276405 0.0102702  0.995353
1305031104.943262  0.0268625 -0.0383506 -0.0891291 0.0925272 0.0284866 0.0108355  0.995244
1305031104.975202  0.0265835 -0.0312914  -0.085775 0.0925384 0.0275572 0.0114443  0.995262
1305031105.011290  0.0263626 -0.0288953 -0.0785451 0.0876857 0.0271034 0.0117378   0.99571
1305031105.043373   0.025879 -0.0245062 -0.0699978 0.0825115 0.0264444 0.0107484  0.996181
1305031105.075320  0.0253528 -0.0254553 -0.0593091  0.0749197  0.0255472 0.00879857   0.996823
1305031105.111299  0.0223012 -0.0291191 -0.0487774  0.0679446  0.0250918 0.00718174   0.997348
1305031105.143106  0.0197249 -0.0117973 -0.0348911 0.0653559 0.0221903 0.0063915  0.997595
1305031105.175159   0.0164929 -0.00334129   -0.017975 0.0540519 0.0189642 0.0036246  0.998351
1305031105.211268   0.0134615  -0.0180486 -0.00199911  0.0375183  0.0148804 0.00147666   0.999184
1305031105.243270 0.00941325 -0.0169879  0.0103939   0.0290647  0.00965562 -0.00082973    0.999531
1305031105.275288 0.00409426 -0.0128266  0.0263273    0.019304  0.00385768 -0.00207614    0.999804
1305031105.311290 0.00454995 -0.0209081  0.0399986  0.00610024 -0.00451175 -0.00228097    0.999969
1305031105.343302 0.00780174 -0.0261554   0.060858 -0.00417757  -0.0133586 -0.00175914      0.9999
1305031105.375338 0.00513936 -0.0249428  0.0751753 -0.00734953  -0.0180709 -0.00152639    0.999809
1305031105.411286 0.00170397 -0.0172391  0.0869346 -0.0111389  -0.022048 -0.0027145   0.999691
1305031105.443316 0.000798531  -0.0197188    0.106541  -0.0188432  -0.0268649 -0.00317658    0.999456
1305031105.475280 -0.00137935  -0.0174617    0.120325  -0.0219352  -0.0299655 -0.00337527    0.999305
1305031105.511332 -0.00174193  -0.0129888     0.13624   -0.025623  -0.0330263 -0.00336761     0.99912
1305031105.543282 -0.00266466  -0.0143539    0.152812  -0.030591 -0.0339546 -0.0023206   0.998952
1305031105.575449 -0.00480248  -0.0118323    0.166265  -0.0331462  -0.0349094 -0.00231434    0.998838
1305031105.611378 -0.00418113  -0.0112864    0.185507  -0.0360024  -0.0367928 -0.00122225    0.998673
1305031105.643273 -0.00692373   -0.010012    0.197365 -0.0367309 -0.0362923 0.00134716   0.998665
1305031105.711309  0.00197437 -0.00638401    0.235846  -0.037795 -0.0390992 0.00299483   0.998516
1305031105.743312  0.000618454 -0.000415292     0.247488 -0.0349399 -0.0345631 0.00269984   0.998788
1305031105.775339   0.00240761 -0.000911852     0.263015 -0.0363592  -0.030448 0.00248386   0.998872
1305031105.811283  0.0012312 0.00194762   0.277036 -0.0344333  -0.024942 0.00277984   0.999092
1305031105.843271 0.00255931 0.00504465   0.292263 -0.0327676 -0.0217911  0.0038475   0.999218
1305031105.875337 0.0030462 0.0130572  0.306449 -0.0305616 -0.0167864 0.00553874   0.999377
1305031105.911262 0.00242887  0.0164336   0.319834  -0.033479 -0.0123184 0.00978021   0.999316
1305031105.943272 0.000890887    0.021711    0.330716   -0.035625 -0.00809629   0.0115962    0.999265
1305031105.975329 0.000323074   0.0253739    0.343245  -0.0403711 -0.00581994    0.013113    0.999082
1305031106.011285 0.00010002  0.0295078   0.356024  -0.0446751 -0.00340234   0.0141672    0.998895
1305031106.043355 -0.00286864    0.033659    0.368862  -0.0491323 -0.00021239   0.0146489    0.998685
1305031106.075330 -0.00475146   0.0376908    0.380338 -0.0532185 0.00105865  0.0161658   0.998451
1305031106.111327 -0.00796874   0.0447023    0.391119 -0.0574096 0.00202826  0.0165594   0.998211
1305031106.143355 -0.0102457  0.0469554   0.403978  -0.0649009 0.000695046   0.0189295    0.997712
1305031106.175534 -0.012391 0.0491598  0.414277   -0.0690027 -0.000392682    0.0194037     0.997428
1305031106.211275 -0.0134453  0.0512563   0.427265  -0.0724659 -0.00248735   0.0212159    0.997142
1305031106.243267 -0.0146855  0.0538002   0.433584   -0.072554 -0.00365467   0.0242646    0.997063
1305031106.276385 -0.0163583  0.0589221   0.438222  -0.0729992 -0.00474305   0.0245614    0.997018
1305031106.311238 -0.0160682  0.0618919   0.443638  -0.0768549 -0.00638046   0.0276593    0.996638
1305031106.343258 -0.0183761  0.0683972   0.446418  -0.0811203 -0.00675347   0.0288366    0.996264
1305031106.375388 -0.0151223  0.0685076   0.450258   -0.090597 -0.00815243   0.0214858    0.995622
1305031106.411320 -0.0161665  0.0641818   0.455406 -0.0978405 -0.0024633  0.0146999    0.99509
1305031106.443278 -0.0205265  0.0623535   0.453919 -0.0983089 0.00315436 0.00988935   0.995102
1305031106.475345 -0.0213607  0.0597545   0.448573 -0.0983017 0.00236833 0.00892833   0.995114
1305031106.511129 -0.0218098  0.0557669   0.442794  -0.0971859 -0.00123618  0.00999318    0.995215
1305031106.543302 -0.021582  0.053666   0.43438  -0.0931725 -0.00540224  0.00812679    0.995602
1305031106.575282 -0.0210052  0.0503834   0.423278  -0.0902117 -0.00736115  0.00677865    0.995872
1305031106.611151 -0.0218126  0.0488592   0.411405 -0.0895612 -0.0102648   0.004139    0.99592
1305031106.643207 -0.0211803  0.0430298   0.402365 -0.0900042 -0.0135585 0.00215844   0.995847
1305031106.675279 -0.0215422  0.0401168     0.3865 -0.0876053 -0.0166046 0.00206761   0.996015
1305031106.711508 -0.0214577  0.0371661   0.374867 -0.0891884 -0.0229282 0.00286857   0.995747
1305031106.743341 -0.0209815  0.0329938   0.360321 -0.0876973 -0.0296814 0.00307227     0.9957
1305031106.775390 -0.0189764  0.0301493   0.346778 -0.0864332 -0.0364011 0.00291303   0.995588
1305031106.811289 -0.0171826   0.029391   0.330842  -0.085758 -0.0409771 0.00248028    0.99547
1305031106.843416 -0.0166498  0.0228919   0.320692 -0.0870769 -0.0454051 0.00249446   0.995163
1305031106.875905 -0.0130846  0.0187502   0.305584  -0.0810334  -0.0490188 -0.00126618    0.995504
1305031106.911243 -0.0126267  0.0180179   0.285278  -0.0763673  -0.0481026 -0.00643745    0.995898
1305031106.943439 -0.0115153  0.0115436   0.272028 -0.0753442 -0.0473883 -0.0103165   0.995977
1305031106.975547 -0.0101877 0.00694673    0.25702 -0.0688348  -0.045513 -0.0129222   0.996506
1305031107.011576 -0.00843321  0.00530667    0.230559 -0.0621553 -0.0428434 -0.0166676   0.997007
1305031107.043281 -0.00776529 0.000493849    0.216724 -0.0627439 -0.0403926 -0.0181541   0.997047
1305031107.075432 -0.00834541 -0.00514634     0.19999 -0.0581697 -0.0392357 -0.0179053   0.997375
1305031107.111229 -0.00789847 -0.00650702    0.182661 -0.0529985 -0.0397403 -0.0193697   0.997616
1305031107.143260 -0.00479939 -0.00707622    0.167497 -0.0508197 -0.0395134 -0.0196791   0.997732
1305031107.175399 -0.00433417  -0.0116994    0.158612 -0.0488749 -0.0377018 -0.0199562   0.997894
1305031107.211358 -0.00180302  -0.0158701    0.146388  -0.042498 -0.0358811 -0.0217512   0.998215
1305031107.243378 -0.000664643   -0.0147524     0.131797 -0.0351738 -0.0324712  -0.021911   0.998613
1305031107.275398 0.00186764 -0.0181862   0.121088 -0.0298524 -0.0294113 -0.0215439   0.998889
1305031107.311226  0.0033581 -0.0224876   0.110642 -0.0229211 -0.0257851 -0.0216522    0.99917
1305031107.343509 0.00591029 -0.0239867  0.0983443 -0.0108914 -0.0221782 -0.0221124    0.99945
1305031107.375413 0.00835769   -0.02501  0.0846303 -0.00245167  -0.0171994  -0.0228179    0.999589
1305031107.411271  0.0113905 -0.0258929  0.0769058  0.0039908 -0.0128126 -0.0233264   0.999638
1305031107.443419  0.0148154 -0.0234369  0.0708602  0.0100207 -0.0086393 -0.0229007    0.99965
1305031107.475377  0.0186736 -0.0248167  0.0667142   0.0126574 -0.00458343  -0.0217674    0.999672
1305031107.511352  0.0204117 -0.0198297    0.06372    0.0153671 -0.000943028   -0.0213842     0.999653
1305031107.543605   0.024002 -0.0202506   0.064337   0.012667 0.00127384 -0.0195843   0.999727
1305031107.575454  0.0267537 -0.0254898  0.0648922  0.0112031 0.00314559  -0.016844    0.99979
1305031107.611271  0.0289629 -0.0192907  0.0634534  0.0130053  0.0044989 -0.0155849   0.999784
1305031107.643323  0.0301101 -0.0186173   0.066472 0.00947237 0.00578673 -0.0143221   0.999836
1305031107.675568  0.0296733 -0.0180629  0.0675434 0.00822807 0.00652854 -0.0137362    0.99985
1305031107.711307  0.0288948 -0.0152337   0.068423 0.00721425 0.00654368 -0.0130758   0.999867
1305031107.743538  0.0265877 -0.0121539  0.0681823  0.0041477  0.0058387 -0.0127303   0.999893
1305031107.775802  0.0264667 -0.0129582  0.0711561 0.00086523 0.00299808 -0.0137697     0.9999
1305031107.811596  0.0279857 -0.0106788  0.0751119 -0.000992069  0.000606157   -0.0138405     0.999904
1305031107.843332  0.0300106 -0.0092133  0.0781319  -0.00357602 -0.000282874   -0.0139106     0.999897
1305031107.875358  0.0341552 -0.0108334  0.0836936  -0.00436695 -0.000103323   -0.0176559     0.999835
1305031107.911541  0.037011 -0.010464 0.0861864 -0.00321175  0.00290272  -0.0202583    0.999785
1305031107.943122 0.0417034 -0.010827 0.0897406 -0.00122435   0.0061056  -0.0206746    0.999767
1305031107.975807  0.0487858 -0.0116704  0.0918971 0.00108585   0.010153 -0.0203517   0.999741
1305031108.011320 0.0573634 -0.011586 0.0944808 0.00502322  0.0144734 -0.0224724    0.99963
1305031108.043418  0.0725039 -0.0107532  0.0986589 0.00773783  0.0197794  -0.021466   0.999544
1305031108.075352  0.0829645 -0.0124938  0.0996186  0.0081675   0.028968 -0.0159366    0.99942
1305031108.111378  0.0892011 -0.0145327   0.100552 0.0103021 0.0359436 -0.016184   0.99917
1305031108.143334   0.102846 -0.0102787    0.10539  0.0135683  0.0385567 -0.0159773   0.999037
1305031108.176058    0.116743 -0.00147747    0.109691   0.013919  0.0412214 -0.0124413   0.998976
1305031108.211475    0.126003 -0.00472665    0.115724 0.00796848  0.0432926 -0.0133967   0.998941
1305031108.243347   0.140923 -0.0102383   0.124736 0.00598347  0.0458467 -0.0153428   0.998813
1305031108.275358    0.153738 -0.00346275    0.128166 0.00814906  0.0501147 -0.0156625   0.998587
1305031108.311332   0.160776 0.00074957   0.132026 0.00495888  0.0524423 -0.0146721   0.998504
1305031108.343278   0.170217 0.00268169    0.13734 -0.00041964   0.0513152  -0.0130425    0.998597
1305031108.375410   0.178747 0.00318121   0.142022 -0.00606431   0.0491446 -0.00826986    0.998739
1305031108.411361   0.192759 0.00312558   0.147479   -0.011293   0.0445722 -0.00202402     0.99894
1305031108.443610   0.206841 0.00491805   0.152012 -0.0155135  0.0426878 0.00464139   0.998957
1305031108.475471   0.221539 0.00146723   0.156573 -0.019557 0.0412714 0.0116351  0.998889
1305031108.511378    0.242372 -0.00137516    0.160679 -0.0199078  0.0421235  0.0169683    0.99877
1305031108.543737   0.254648 -0.0028159   0.161896 -0.0158037  0.0495005  0.0160338    0.99852
1305031108.575414   0.265765 0.00482285   0.160819 -0.0101553  0.0545181  0.0137632   0.998366
1305031108.611407   0.282142 0.00535361   0.167412 -0.0103475  0.0595247  0.0140121   0.998075
1305031108.643303   0.289745 0.00962058   0.170129 -0.00919151   0.0664066   0.0153278    0.997633
1305031108.675375  0.307449 0.0158485  0.175562 -0.010226 0.0699627 0.0186393  0.997323
1305031108.711411   0.31447 0.0134234  0.177005 -0.0154093  0.0786799  0.0228298   0.996519
1305031108.743502   0.32048 0.0121127  0.182458 -0.0172069  0.0850373  0.0236603   0.995948
1305031108.775493  0.328761 0.0132387  0.185873 -0.0179339  0.0891173  0.0252445    0.99554
1305031108.811244  0.327446 0.0109721  0.188411 -0.020413 0.0946583 0.0295147  0.994863
1305031108.843264   0.327854 0.00738779   0.187048 -0.0205017  0.0956368   0.035372   0.994576
1305031108.876515   0.327516 0.00790166   0.185459 -0.0183755  0.0933874  0.0411201   0.994611
1305031108.911364   0.329384 0.00338756   0.184265 -0.0165591  0.0895668  0.0468884   0.994739
1305031108.943243   0.324588 0.00197745   0.179656 -0.0117148  0.0869913  0.0475231   0.995006
1305031108.975268   0.319793 0.00958848   0.176118 -0.00584439   0.0812989   0.0452743    0.995644
1305031109.011269   0.320273 0.00951703   0.175615 -0.00643597   0.0765344   0.0440115    0.996074
1305031109.043277  0.311028 0.0075598   0.17313 -0.00613204   0.0766377   0.0412893    0.996185
1305031109.075410  0.301776 0.0151094  0.171615 -0.00562256   0.0744277   0.0356968    0.996571
1305031109.111282   0.29615 0.0130239  0.171009 -0.0100515  0.0722226  0.0334181   0.996778
1305031109.143334   0.283242 0.00932243   0.164294 -0.0118869  0.0701147  0.0313688   0.996975
1305031109.175464  0.274016 0.0148016  0.164199 -0.0104029  0.0629566  0.0284437   0.997557
1305031109.211379  0.266723 0.0180662  0.162319 -0.0145339  0.0574459  0.0286377   0.997832
1305031109.243290  0.255516 0.0161437  0.161985 -0.0240988  0.0546415  0.0339109   0.997639
1305031109.275308    0.24024 0.00465351   0.158102 -0.0295402  0.0509868  0.0388783   0.997505
1305031109.311329   0.226831 0.00558674   0.150582 -0.0271681  0.0421977  0.0398016   0.997946
1305031109.343248   0.215678 0.00767114   0.143827 -0.0297455  0.0321559   0.038403   0.998302
1305031109.375397   0.200947 0.00864089   0.148789 -0.0319747   0.024292  0.0393033    0.99842
1305031109.411329  0.188991 0.0116445  0.148688 -0.0315441  0.0166092   0.036296   0.998705
1305031109.443302  0.179835 0.0148022  0.154566  -0.034519 0.00932019  0.0314159   0.998867
1305031109.475363   0.16598 0.0155467  0.158945 -0.0369111 0.00674472  0.0288983   0.998878
1305031109.511273  0.151585 0.0134158  0.158764 -0.0369678 0.00461823  0.0250742   0.998991
1305031109.543294  0.140162 0.0148576  0.156562 -0.0336964 0.00233306  0.0226296   0.999173
1305031109.575362  0.126606 0.0171915  0.153517 -0.0329387 0.00214958  0.0227406   0.999196
1305031109.611310  0.112005 0.0183982  0.150203  -0.0328677 0.000992029   0.0207673    0.999243
1305031109.643229  0.102794 0.0200553  0.150162  -0.0332602 -0.00140469   0.0203485    0.999239
1305031109.675263 0.0888061 0.0216901  0.148364  -0.0355439 -0.00172654   0.0228173    0.999106
1305031109.711312 0.0759397 0.0247437  0.145833  -0.0378229 -0.00511271    0.022526    0.999017
1305031109.743274 0.0653938 0.0245986  0.149265  -0.0427454 -0.00933642   0.0219274    0.998802
1305031109.775277 0.0568594 0.0230356  0.151806 -0.0465827 -0.0124801   0.022805   0.998576
1305031109.811371 0.0390703 0.0264497  0.149077 -0.0477231 -0.0118278  0.0217076   0.998555
1305031109.843296 0.0253258 0.0261495  0.150882 -0.0514028 -0.0143316  0.0207876   0.998359
1305031109.875306 0.00896723  0.0262275   0.150927 -0.0553141 -0.0168572  0.0191993   0.998142
1305031109.911265 -0.00493825   0.0215295    0.154402 -0.0579217 -0.0225809  0.0143471   0.997963
1305031109.943299 -0.0155715   0.033213   0.157809 -0.0562345 -0.0270011   0.010593   0.997996
1305031109.975258 -0.0297626  0.0300301   0.162017 -0.0618787 -0.0291911 0.00582208    0.99764
1305031110.011256 -0.0424979  0.0322413   0.165768   -0.0635145   -0.0320747 -0.000682097     0.997465
1305031110.043299 -0.0533833  0.0317685   0.170148    -0.06631  -0.0341039 -0.00743627    0.997188
1305031110.075319 -0.0661838  0.0323624   0.171438  -0.068558 -0.0346302 -0.0125459   0.996967
1305031110.111325 -0.0814349  0.0324295   0.174092 -0.0733767 -0.0357088  -0.016943   0.996521
1305031110.143432 -0.0935938  0.0239957   0.176486 -0.0772484 -0.0396788  -0.020571    0.99601
1305031110.175641 -0.103783 0.0337735  0.178321 -0.0758871 -0.0437699 -0.0215871   0.995921
1305031110.211637 -0.116245 0.0294659  0.180854 -0.0812101 -0.0467874 -0.0231964   0.995328
1305031110.243323 -0.127246 0.0243897  0.181583 -0.0832915 -0.0510862 -0.0226685   0.994957
1305031110.279321 -0.134023 0.0245587  0.183552 -0.0814863 -0.0562701 -0.0229071   0.994821
1305031110.311404 -0.148056 0.0257071  0.182237 -0.0784144 -0.0585345 -0.0243967   0.994902
1305031110.343355 -0.158776 0.0292103  0.181814 -0.0765299 -0.0634524 -0.0248823   0.994735
1305031110.379281 -0.170865  0.030469  0.182872 -0.0750734 -0.0691215 -0.0280695   0.994383
1305031110.411469 -0.183149 0.0396909  0.181713 -0.0720779  -0.075375 -0.0301383    0.99409
1305031110.443260 -0.193531 0.0431584  0.183717 -0.0756715  -0.081806 -0.0328872   0.993227
1305031110.479331  -0.20728 0.0401785   0.18747  -0.079127 -0.0885461 -0.0389468    0.99216
1305031110.511429 -0.219113 0.0431066   0.18906 -0.0785337 -0.0961321 -0.0423429   0.991362
1305031110.543408 -0.227683 0.0525682  0.190884 -0.0772151  -0.103627 -0.0446747   0.990608
1305031110.579426 -0.234767  0.058773   0.19434 -0.0799141  -0.111048 -0.0488664   0.989391
1305031110.611307 -0.242101 0.0504954  0.197946 -0.0868121  -0.115971 -0.0527534   0.988044
1305031110.643418 -0.251219 0.0478069  0.197885 -0.0859368  -0.118202 -0.0556624   0.987697
1305031110.679606 -0.254941 0.0609057   0.19847 -0.0815929  -0.121987 -0.0571114   0.987522
1305031110.711412 -0.262209 0.0577329   0.19975 -0.0862411  -0.123675 -0.0587406   0.986821
1305031110.743249 -0.268216 0.0558244  0.199493 -0.0871947  -0.125231 -0.0603517   0.986444
1305031110.779193 -0.268942 0.0585779  0.199574 -0.0862457  -0.128114 -0.0606144   0.986141
1305031110.811386 -0.272021 0.0586628  0.199417 -0.0869302  -0.128447 -0.0621605   0.985941
1305031110.843218 -0.276961 0.0588032  0.199546 -0.0884447  -0.129539 -0.0645889   0.985508
1305031110.879313 -0.273508 0.0579629  0.200074  -0.088728  -0.133096 -0.0642447   0.985031
1305031110.911333 -0.273317  0.059816  0.200345  -0.088805   -0.13412 -0.0646736   0.984857
1305031110.943862 -0.268147 0.0589116  0.200637 -0.0891167  -0.137297 -0.0655037   0.984336
1305031110.979345 -0.258529 0.0613206  0.201239 -0.0886218  -0.138194 -0.0651436   0.984279
1305031111.011431 -0.248786 0.0599754  0.203451 -0.0908218  -0.134886 -0.0648476   0.984557
1305031111.043327 -0.245001 0.0596308  0.203094 -0.0901072  -0.128064 -0.0626695   0.985674
1305031111.079283 -0.242372 0.0623131  0.201684 -0.0914801  -0.123306 -0.0608834   0.986266
1305031111.111508 -0.232564 0.0552937  0.202849 -0.0954582  -0.121647 -0.0580461   0.986266
1305031111.143257 -0.224863 0.0521544  0.202933 -0.0946169  -0.118531 -0.0569885   0.986788
1305031111.179326 -0.206683 0.0511979  0.202076 -0.092323 -0.117411 -0.056968   0.98714
1305031111.211433 -0.196276 0.0511883  0.201124 -0.0907376  -0.108753 -0.0537965   0.988456
1305031111.243236 -0.201378 0.0472559  0.199376 -0.0913237  -0.100107  -0.054627    0.98927
1305031111.279308 -0.179468 0.0408313  0.200369 -0.088954 -0.102251 -0.053195  0.989344
1305031111.311547 -0.176385 0.0539891  0.198446 -0.0810604  -0.094109 -0.0483592   0.991077
1305031111.343397 -0.172512 0.0548775  0.197846 -0.0844888 -0.0947255 -0.0488894   0.990706
1305031111.379134  -0.15232 0.0417998  0.200186 -0.0880896 -0.0996847 -0.0456147   0.990062
1305031111.411296 -0.145917 0.0417857  0.196004 -0.0831728 -0.0984365 -0.0447392   0.990652
1305031111.443386 -0.123328 0.0408337  0.199667 -0.0835697   -0.10741 -0.0494604   0.989461
1305031111.479259 -0.0831168  0.0295125   0.208791 -0.0834687  -0.110938 -0.0502647    0.98904
1305031111.511264 -0.0767681  0.0307646   0.206417 -0.0785334  -0.097445 -0.0502192   0.990866
1305031111.543250 -0.0662293  0.0286795   0.207588 -0.0748848 -0.0897601 -0.0497391   0.991898
1305031111.579237 -0.0535875  0.0328726   0.205502 -0.0696262 -0.0796508 -0.0443716   0.993398
1305031111.611271 -0.0554773  0.0319038   0.201179 -0.0708797 -0.0699475  -0.038638   0.994279
1305031111.643395 -0.0309557  0.0152937    0.20603 -0.0726276 -0.0744693 -0.0328626   0.994032
1305031111.679320 -0.00928059   0.0244225      0.2075 -0.0647967 -0.0695591 -0.0235244   0.995193
1305031111.711760 0.000497693   0.0250959    0.208671 -0.0641376 -0.0599555 -0.0224307   0.995886
1305031111.743386 0.0274001 0.0249411  0.221743 -0.0595929 -0.0534928 -0.0186039   0.996615
1305031111.779423 0.0354202 0.0274597  0.217746 -0.0555078 -0.0330504 -0.0165135   0.997774
1305031111.811406 0.0366984 0.0236631  0.215371 -0.0538992 -0.0145585 -0.0162588   0.998308
1305031111.843299 0.0465264 0.0242431  0.209834  -0.0499068 -0.00317587  -0.0148664    0.998638
1305031111.879442 0.0515332 0.0198431  0.200753 -0.0522856 0.00683264 -0.0106994   0.998551
1305031111.911354  0.057814 0.0122173  0.197422  -0.0539626  0.00885678 -0.00473557    0.998492
1305031111.943300 0.0736195 0.0153457   0.19984 -0.0509126 0.00402346 0.00388455   0.998687
1305031111.979449 0.0991885 0.0160686  0.203038 -0.0501148 0.00127892  0.0117782   0.998673
1305031112.011433 0.114472  0.01525 0.203733 -0.0482922 0.00825789  0.0117443    0.99873
1305031112.043270  0.130604 0.0111305   0.19489 -0.0455573  0.0163924 0.00824888   0.998793
1305031112.079339   0.14869 0.0118018  0.197786 -0.0431254  0.0264041 0.00759221   0.998692
1305031112.111423   0.146515 0.00780936   0.183926  -0.0411184   0.0409586 0.000975186    0.998314
1305031112.144342   0.166219 0.00900428   0.184727  -0.0400664   0.0431958 -0.00537326    0.998248
1305031112.179390   0.18637 0.0115015  0.188156  -0.0412151   0.0535818 -0.00853052    0.997676
1305031112.211254  0.190508 0.0029263  0.191404 -0.0435983  0.0660047 -0.0136223   0.996773
1305031112.243369    0.208856 -0.00349186    0.189783 -0.0390913  0.0734898 -0.0182317   0.996363
1305031112.279353    0.214446 -0.00251468    0.188064 -0.0331122  0.0815318 -0.0217106   0.995884
1305031112.311312    0.22692 -0.0064224   0.187963 -0.0277454  0.0828659 -0.0232681   0.995903
1305031112.343323    0.238089 -0.00617504    0.187038  -0.020582  0.0831661 -0.0220489   0.996079
1305031112.379360    0.248518 -0.00468301    0.187207 -0.0157623  0.0818083 -0.0181662   0.996358
1305031112.411442    0.263614 -0.00315868    0.187265 -0.0127388  0.0783021 -0.0137825   0.996753
1305031112.443391    0.276936 -0.00659919    0.188338   -0.011356   0.0767155 -0.00763977    0.996959
1305031112.479418    0.284267 -0.00462672    0.188357 -0.00746391   0.0762644  0.00181474    0.997058
1305031112.511504    0.293533 -0.00417176    0.187876 -0.00522852   0.0727116  0.00999872    0.997289
1305031112.543212    0.304886 -0.00479509    0.187794 -0.0027947  0.0688655  0.0142178   0.997521
1305031112.579252   0.314306 -0.0025131   0.188224 -5.43484e-05    0.0656076    0.0199305     0.997646
1305031112.611261   0.333383 0.00522686   0.192844 0.00255635  0.0622157   0.026799     0.9977
1305031112.643246   0.342981 0.00596977   0.194157 -0.000253222    0.0679532    0.0339251     0.997112
1305031112.679952   0.344384 0.00486593    0.19869 -0.00237386   0.0755431   0.0373277    0.996441
1305031112.711251   0.346631 0.00776947   0.200162 -0.00359789   0.0802668   0.0388056    0.996011
1305031112.743245  0.348173 0.0184081  0.200008 -0.00549047   0.0838759   0.0425207    0.995553
1305031112.779310  0.345365 0.0122145  0.203451 -0.0150877  0.0890253  0.0446592   0.994913
1305031112.811310    0.33151 0.00378534   0.201258 -0.0197142  0.0927335  0.0418564   0.994615
1305031112.843286    0.32797 0.00781484   0.201944 -0.0211536  0.0874531  0.0390327   0.995179
1305031112.879421   0.330776 0.00805326   0.201941 -0.0248064  0.0824476  0.0419601   0.995403
1305031112.911411   0.324413 0.00779372    0.20214 -0.0277195  0.0797752  0.0448938   0.995416
1305031112.943321   0.318017 0.00494971   0.203042 -0.0302839  0.0744652   0.044698   0.995761
1305031112.979278   0.316189 0.00532813   0.203337 -0.0306799  0.0672472  0.0425965   0.996354
1305031113.011353   0.311457 0.00882677   0.202224 -0.031257 0.0634699 0.0424229  0.996592
1305031113.043231   0.303258 0.00663534   0.200271 -0.0364324   0.061834  0.0402876   0.996607
1305031113.079251    0.287405 -0.00484472    0.198286 -0.0402786  0.0611167  0.0355626   0.996683
1305031113.111316    0.276247 -0.00357294    0.194892 -0.0372959  0.0560011  0.0298242   0.997288
1305031113.143306    0.265233 0.000866429    0.195945 -0.0385743  0.0535011   0.028176   0.997425
1305031113.179343   0.252011 -0.0103642   0.192469 -0.0448742  0.0527925  0.0295396   0.997159
1305031113.211259   0.240187 -0.0131272   0.184161 -0.0439222  0.0473105   0.031076    0.99743
1305031113.243227    0.226134 -0.00689501    0.183324  -0.04395 0.0406366 0.0317728  0.997701
1305031113.279312    0.21004 -0.0128594    0.19017 -0.0477395  0.0354045  0.0339883   0.997653
1305031113.311452   0.192689 -0.0139308   0.191745 -0.0427175  0.0288054  0.0386627   0.997923
1305031113.343252   0.183769 -0.0132264   0.175916 -0.0383393  0.0173094  0.0365128   0.998447
1305031113.379312   0.168384 -0.0135169   0.177813 -0.0421587 0.00843303  0.0347492   0.998471
1305031113.411625   0.153849 -0.0154292   0.185533  -0.0409146 9.01353e-05   0.0339977    0.998584
1305031113.443266    0.138415 -0.00928565    0.183486  -0.0371441 -0.00737369    0.028211    0.998884
1305031113.479311  0.124112 -0.008094  0.185944  -0.040914 -0.0153793  0.0245649   0.998742
1305031113.511523   0.10169 -0.010392  0.186769 -0.0451781 -0.0193278  0.0222748   0.998544
1305031113.543242 0.0851004 -0.011267  0.190788  -0.046847 -0.0256002  0.0193303   0.998387
1305031113.579301   0.0691293 -0.00740364    0.186797 -0.0451172 -0.0297264  0.0141881   0.998439
1305031113.611268   0.0593762 -0.00806351    0.190886 -0.0482772 -0.0347745  0.0099727   0.998179
1305031113.643222   0.0464349 -0.00703068    0.193489 -0.0505206 -0.0358104 0.00639501    0.99806
1305031113.679288   0.0304796 -0.00774847    0.192758 -0.0516166 -0.0346213 0.00299733   0.998062
1305031113.711931   0.0190749 -0.00845167    0.195145  -0.0518751  -0.0353071 -0.00159214    0.998028
1305031113.743590  0.00681936 -0.00619458    0.195319  -0.0502768   -0.033264 -0.00675118    0.998158
1305031113.779320 -0.00928889 -0.00939599    0.193775 -0.0500623 -0.0299038 -0.0112061   0.998235
1305031113.811237  -0.0220395 -0.00728769      0.1935 -0.0483055 -0.0292043 -0.0132522   0.998318
1305031113.843295  -0.0352867 -0.00458549    0.193305 -0.0483847  -0.027058 -0.0161662   0.998331
1305031113.879281  -0.051868 -0.0142866   0.193341 -0.0499253 -0.0258945 -0.0202973   0.998211
1305031113.911290  -0.0614802 -0.00872465    0.193856 -0.0451317  -0.028485 -0.0204899   0.998365
1305031113.943291  -0.0717717 -0.00901802    0.195568 -0.0428443 -0.0275129 -0.0222091   0.998456
1305031113.979293  -0.0879844 -0.00861116    0.194667 -0.0392861 -0.0249052 -0.0271965   0.998547
1305031114.011257   -0.103054 -0.00684549    0.193424 -0.0354279 -0.0238546 -0.0323659   0.998563
1305031114.043301   -0.122676 -0.00653783    0.193865 -0.0339356 -0.0251801 -0.0346042   0.998507
1305031114.079285   -0.140023 -0.00738163     0.19293 -0.0318294 -0.0296309 -0.0347263    0.99845
1305031114.111263   -0.152258 -0.00326919    0.193346 -0.0283497 -0.0358754 -0.0379093   0.998235
1305031114.143284   -0.164342 -0.00239743    0.195475 -0.0281613 -0.0415341 -0.0406126   0.997914
1305031114.179337   -0.171904 -0.00631248    0.198247 -0.0267559 -0.0457675 -0.0419274   0.997713
1305031114.211303  -0.183823 0.00594584   0.199858 -0.0213402 -0.0466199 -0.0436373   0.997731
1305031114.243337  -0.202489 0.00440766   0.202478 -0.0241054 -0.0478794 -0.0478812   0.997414
1305031114.279390  -0.219029 0.00380531   0.201506 -0.0241833 -0.0531139 -0.0494347   0.997071
1305031114.311429  -0.225286 0.00720977   0.204292 -0.0245433 -0.0636902 -0.0486651    0.99648
1305031114.343331 -0.229919 0.0070162  0.207505 -0.0256468 -0.0718425  -0.050465   0.995808
1305031114.379320  -0.236717 0.00616479   0.209705 -0.0255866 -0.0753585 -0.0540669   0.995361
1305031114.411397    -0.2514 0.00758624   0.210921 -0.0239166 -0.0760537 -0.0584453   0.995102
1305031114.443345 -0.266811 0.0109068  0.212388  -0.023032 -0.0789157 -0.0598627   0.994816
1305031114.479332  -0.280243 0.00921019   0.214396 -0.0238522 -0.0853844 -0.0605158   0.994223
1305031114.511266 -0.282068 0.0127418  0.216323 -0.0231864  -0.096037 -0.0615567   0.993202
1305031114.543236 -0.281515  0.010469  0.218743 -0.0269165  -0.102751  -0.060197   0.992519
1305031114.579237  -0.286062 0.00881939   0.220324 -0.0286644  -0.103906 -0.0566922   0.992556
1305031114.611391 -0.291479 0.0120888  0.221724 -0.0301396  -0.104695 -0.0540356   0.992578
1305031114.644136 -0.302087 0.0108989  0.224324 -0.0354097  -0.105562  -0.053447   0.992344
1305031114.679251  -0.307293 0.00818852    0.22596 -0.0388181  -0.111851 -0.0543758   0.991477
1305031114.711306  -0.305009 0.00420241   0.226736 -0.0405632  -0.118354 -0.0530115   0.990725
1305031114.743200  -0.305472 0.00186328   0.226462 -0.0400679  -0.122072 -0.0561516   0.990121
1305031114.779289   -0.30232 0.00266605    0.22506 -0.0374048  -0.124859 -0.0590704   0.989708
1305031114.811303  -0.300799 0.00620201   0.224356 -0.0363519  -0.124921 -0.0596145   0.989707
1305031114.843208   -0.29941 0.00515876   0.223992 -0.0366842  -0.125809 -0.0621328   0.989427
1305031114.879281 -0.294261 0.0089116  0.223686 -0.0361358  -0.126765 -0.0616212   0.989357
1305031114.912879 -0.291277   0.01046  0.223735 -0.0370289  -0.126955 -0.0616299   0.989299
1305031114.943234 -0.281604 0.0129612   0.22386 -0.0391253  -0.128422 -0.0631471   0.988933
1305031114.979280 -0.276987 0.0148623  0.224692 -0.0410516  -0.125497 -0.0639361    0.98918
1305031115.011300 -0.269178 0.0196899  0.225938  -0.044201  -0.124698 -0.0650841   0.989071
1305031115.043508 -0.258113 0.0133973  0.228434 -0.0504231  -0.123253  -0.065699   0.988913
1305031115.079238 -0.248478 0.0184029  0.230242  -0.050389  -0.120093 -0.0662926   0.989264
1305031115.111230 -0.229258  0.016545  0.231967  -0.054769  -0.118593 -0.0649787     0.9893
1305031115.143275 -0.218895  0.012765  0.231997 -0.0576163  -0.108985 -0.0635293   0.990337
1305031115.179440 -0.214397 0.0144652  0.232923 -0.0586803  -0.103175 -0.0630837   0.990925
1305031115.211374  -0.196402 0.00449321   0.235798 -0.0627353  -0.102963 -0.0603489   0.990869
1305031115.243297   -0.18403 0.00165925   0.238591 -0.0588178  -0.097042 -0.0575929    0.99187
1305031115.279966 -0.172369 0.0117222  0.240095 -0.0545151 -0.0933977 -0.0536972   0.992684
1305031115.311704   -0.151411 -0.00157099    0.245418 -0.0594081 -0.0902749 -0.0478672    0.99299
1305031115.343235   -0.13667 0.00446423   0.247821 -0.0532197 -0.0807699  -0.045031   0.994292
1305031115.379166 -0.143206 0.0236648  0.244887 -0.0515876 -0.0695473  -0.041111   0.995395
1305031115.411237 -0.126934 0.0161571  0.250959 -0.0607425 -0.0769993 -0.0379125   0.994457
1305031115.443159 -0.100342 0.0146369  0.257307 -0.0648299 -0.0824485 -0.0322494   0.993961
1305031115.479241 -0.0881545  0.0133016   0.257003 -0.0698722  -0.080032 -0.0275839   0.993958
1305031115.511253 -0.0566527 0.00630331   0.261519 -0.0751988 -0.0830198 -0.0238394   0.993421
1305031115.543604  -0.034079 0.00349287   0.264646  -0.075782 -0.0712172 -0.0177981   0.994419
1305031115.579315 -0.0217798 0.00217084   0.256322 -0.0753754 -0.0567194 -0.0128431   0.995458
1305031115.611424 -0.0106912 0.00189549   0.254534  -0.0743961    -0.04814 -0.00756231    0.996037
1305031115.643254  0.00745286 0.000533134     0.25513   -0.0730616   -0.0415756 -0.000542533      0.99646
1305031115.679241   0.0186058 -0.00311792    0.248091 -0.0726326  -0.035966 0.00936754   0.996666
1305031115.711320  0.0393954 0.00234349   0.249776 -0.0704056 -0.0377845  0.0184795   0.996631
1305031115.743250  0.0678179 0.00101743   0.256038 -0.0710766 -0.0351212  0.0252962   0.996531
1305031115.779425   0.0849727 -0.00139733    0.252831 -0.0698332  -0.025393  0.0314746   0.996739
1305031115.811277  0.0955048 0.00190733   0.250437 -0.0682219 -0.0136749  0.0378316   0.996859
1305031115.843224    0.108871 -0.00037961    0.249292  -0.0714717 -0.00237631   0.0448564    0.996431
1305031115.879198    0.114725 -0.00851544    0.239621 -0.0728592 0.00904523  0.0521067   0.995939
1305031115.911118    0.129178 -0.00159387    0.242434 -0.0681727  0.0122833  0.0572834   0.995952
1305031115.943311     0.14652 -0.00169468     0.24123 -0.0696396  0.0182346  0.0634439   0.995386
1305031115.980740    0.156229 0.000738859    0.240975 -0.0699031  0.0258189  0.0674497   0.994936
1305031116.011379   0.174726 0.00547861   0.246615 -0.0708878  0.0329241  0.0700735   0.994475
1305031116.043164   0.187827 0.00938522   0.250388 -0.0724498  0.0457086  0.0706268   0.993818
1305031116.080030  0.194397 0.0167225  0.249386 -0.0743796  0.0582409  0.0734693   0.992813
1305031116.111300  0.206115 0.0163681  0.251556 -0.0816378  0.0685459  0.0771535   0.991304
1305031116.143441  0.212104 0.0146219  0.251401 -0.0864765  0.0798764   0.080288   0.989796
1305031116.179572    0.2219 0.0186024  0.252447 -0.0871977  0.0854996  0.0829758   0.989041
1305031116.211299   0.23123 0.0204481  0.253888 -0.0905491  0.0916809  0.0858078   0.987944
1305031116.243320  0.239407 0.0200418  0.256712 -0.0929382  0.0993794  0.0899571   0.986607
1305031116.279385  0.244504 0.0213927  0.256738 -0.0920977   0.110454  0.0928702   0.985238
1305031116.311336   0.25132 0.0229762  0.254349 -0.0941552   0.119574  0.0962825    0.98365
1305031116.343292 0.256764 0.013907 0.256732 -0.0984018   0.126582    0.10009   0.981976
1305031116.379384  0.257817 0.0136638  0.255748 -0.0924069   0.131379  0.0997022   0.981967
1305031116.411333  0.256219 0.0183786  0.250779 -0.0864198    0.13511   0.101625   0.981809
1305031116.443369  0.258091 0.0198845  0.248205 -0.0885158   0.136792   0.110885   0.980386
1305031116.479850  0.255627 0.0168525  0.248477 -0.0884916   0.138462   0.111723   0.980059
1305031116.511205 0.251771 0.016424  0.24584 -0.0865269    0.13778   0.107535   0.980799
1305031116.543262  0.242002 0.0192944  0.242979 -0.0824725   0.139499   0.102844   0.981408
1305031116.579313  0.222774 0.0155254   0.23939 -0.0843977   0.142814  0.0992257    0.98114
1305031116.611261  0.20835 0.010782 0.240369 -0.0858062   0.139212  0.0930906   0.982136
1305031116.643355   0.19491 0.0135331  0.238483 -0.0829881   0.131595  0.0843339   0.984217
1305031116.679281  0.190005 0.0154393  0.235823 -0.0822296   0.120208  0.0763205   0.986389
1305031116.711634  0.175604 0.0166408  0.234706 -0.0814024   0.115958  0.0667071   0.987663
1305031116.743291 0.158165 0.017933 0.234706 -0.0827063    0.11199  0.0554706   0.988707
1305031116.779298  0.144448 0.0181498  0.235133 -0.0853882   0.106755  0.0454672   0.989568
1305031116.811318  0.129835 0.0124699  0.234994 -0.0878689   0.102056   0.037197   0.990192
1305031116.846089  0.113301 0.0128023  0.234514 -0.0871116  0.0928199  0.0317443   0.991357
1305031116.880165 0.0972243 0.0140545  0.234881 -0.088474 0.0819274 0.0262673  0.992356
1305031116.912044 0.0834346 0.0122779  0.235436 -0.0890992  0.0693837  0.0218047   0.993364
1305031116.943296 0.0659118 0.0175047  0.233773 -0.0880052  0.0553928  0.0142837   0.994476
1305031116.979351 0.0477403 0.0194491  0.236878 -0.0870761  0.0431256 0.00476396   0.995256
1305031117.011382 0.0394995  0.020492  0.236053 -0.0860071  0.0276154 -0.0019879    0.99591
1305031117.043261 0.0250773  0.024447  0.234637 -0.0852389  0.0166524 -0.0089217   0.996181
1305031117.079520 0.0172812 0.0246702  0.231101 -0.0883117 0.00432076 -0.0122002   0.996009
1305031117.111238 0.00995354   0.023841   0.230279  -0.0914792 -0.00938404  -0.0119486    0.995691
1305031117.143218 0.00395016  0.0277297   0.231906 -0.0932156 -0.0220974 -0.0121392   0.995327
1305031117.179264 -0.00527941   0.0301516    0.233828 -0.0958136 -0.0315585  -0.016751   0.994758
1305031117.211361 -0.00728851   0.0310262    0.237658 -0.0976961 -0.0407533 -0.0203966   0.994172
1305031117.243277 -0.00802184   0.0374366    0.241457 -0.0993732 -0.0449736 -0.0218739   0.993793
1305031117.279299 -0.00882596   0.0357613    0.245843  -0.104771 -0.0455354 -0.0261067    0.99311
1305031117.311200 -0.012975 0.0324135  0.246905  -0.109127 -0.0432909 -0.0279771   0.992691
1305031117.343243 -0.0155292  0.0277851   0.247783   -0.11174 -0.0434348 -0.0287145   0.992372
1305031117.379454 -0.0167171  0.0234316   0.247912  -0.111575 -0.0434813  -0.029133   0.992377
1305031117.411221 -0.0194469  0.0172291   0.246931  -0.111134 -0.0442796 -0.0282533   0.992416
1305031117.443274 -0.0183541  0.0158683   0.247105  -0.107419 -0.0466069 -0.0268467   0.992758
1305031117.479403 -0.0194426 0.00929002   0.246779  -0.106352 -0.0471686 -0.0252883   0.992887
1305031117.511325 -0.0192422 0.00208802    0.24823   -0.10362 -0.0490854 -0.0232817   0.993132
1305031117.544285  -0.0208216 -0.00148673    0.247014 -0.0980219 -0.0494364 -0.0225707   0.993699
1305031117.579155   -0.022202 -0.00713728    0.247378 -0.0949884 -0.0508646 -0.0239724   0.993889
1305031117.611159 -0.0222867 -0.0121301   0.250127  -0.093485 -0.0528732  -0.023093   0.993948
1305031117.643252 -0.0234773 -0.0203017   0.252719 -0.0921135 -0.0547891 -0.0217939   0.994001
1305031117.679262 -0.0243109 -0.0252358   0.255384 -0.0913437 -0.0574763 -0.0210644   0.993936
1305031117.711184 -0.0228638 -0.0355158   0.261054  -0.092797 -0.0608516 -0.0187352   0.993647
1305031117.743184 -0.0231691 -0.0447539   0.265774 -0.0929689 -0.0631171 -0.0153414   0.993548
1305031117.779467 -0.0237678 -0.0502153   0.269161 -0.0918945  -0.065504 -0.0133645   0.993522
1305031117.811320 -0.0216599 -0.0620964   0.277292  -0.093979 -0.0686636 -0.0109728   0.993143
1305031117.843291 -0.0177918 -0.0697473   0.285579  -0.0911759  -0.0701998 -0.00963446    0.993311
1305031117.879451 -0.0190066 -0.0763672   0.288802  -0.0892262  -0.0667988 -0.00975662    0.993721
1305031117.911407 -0.0215501  -0.088316   0.294165   -0.089442  -0.0644463 -0.00993635    0.993855
1305031117.943253 -0.0218611 -0.0947753   0.298076 -0.0874494 -0.0626016 -0.0103487   0.994146
1305031117.979228 -0.0257913  -0.102348   0.301931 -0.0887499 -0.0597974 -0.0110918   0.994196
1305031118.011228 -0.0252008  -0.117512   0.310587  -0.092347 -0.0602225 -0.0112537    0.99384
1305031118.043521 -0.0267934  -0.127688   0.315771 -0.0915967 -0.0585519 -0.0114335   0.994008
1305031118.079334 -0.0253023  -0.135165   0.322189 -0.0910865 -0.0581456 -0.0125422   0.994065
1305031118.111217 -0.0227862  -0.144244   0.330444 -0.0902243 -0.0551797 -0.0136891   0.994297
1305031118.143256 -0.0268804  -0.152942   0.332546 -0.0885534 -0.0492836 -0.0153623   0.994733
1305031118.179323 -0.0269713  -0.166063   0.338434 -0.0891753  -0.046745 -0.0175121   0.994764
1305031118.211202 -0.0332572  -0.178629    0.33994  -0.086839 -0.0421319 -0.0167945   0.995189
1305031118.243173 -0.0344646   -0.18813   0.342765 -0.0840667 -0.0429992 -0.0166013   0.995394
1305031118.279194 -0.0321651  -0.200211    0.34904 -0.0811413 -0.0443774 -0.0169879   0.995569
1305031118.311299 -0.0334995  -0.205585   0.350631   -0.07356 -0.0442852 -0.0170368   0.996161
1305031118.343324 -0.0283188  -0.208703   0.356497 -0.0680706 -0.0453981 -0.0171007     0.9965
1305031118.379208 -0.0343145  -0.217315   0.356297 -0.0641982 -0.0417449 -0.0190537   0.996882
1305031118.411296 -0.0358565   -0.21693   0.357471 -0.0597435 -0.0432353  -0.018743   0.997101
1305031118.445692 -0.0322533  -0.217695   0.361586 -0.0588152  -0.044545 -0.0152169   0.997158
1305031118.479285 -0.0325108   -0.22225   0.363627 -0.0590483 -0.0448484  -0.013078   0.997161
1305031118.511255 -0.0285527  -0.215115   0.365102 -0.0547744 -0.0462907 -0.0110914   0.997363
1305031118.544414 -0.0284611  -0.208108   0.364835 -0.0544001 -0.0454572 -0.0119761   0.997412
1305031118.579285 -0.026533 -0.207027  0.366754 -0.0568637 -0.0450258 -0.0122774   0.997291
1305031118.616142 -0.0246642  -0.199281   0.366496 -0.0558621  -0.043514 -0.0144079   0.997386
1305031118.645325 -0.0274035  -0.187639   0.362476 -0.0547533 -0.0402138 -0.0173751   0.997538
1305031118.679295 -0.0286547  -0.183806    0.36064 -0.0589221 -0.0385929 -0.0192834    0.99733
1305031118.711421 -0.0313225  -0.183362   0.358046 -0.0614637 -0.0381175 -0.0227933   0.997121
1305031118.746770 -0.0367312  -0.173176   0.349797 -0.0586035 -0.0384477 -0.0226873   0.997283
1305031118.779277 -0.0344097  -0.152757   0.346274 -0.0578039 -0.0430085 -0.0219518    0.99716
1305031118.811221 -0.0316448  -0.158776    0.34506 -0.0669409  -0.045971 -0.0240498   0.996407
1305031118.846753 -0.0278515  -0.148847   0.339969 -0.0627606 -0.0468429 -0.0226603   0.996671
1305031118.879208 -0.0277177   -0.12179   0.332208  -0.056486 -0.0443935 -0.0243996   0.997117
1305031118.911177 -0.0299378  -0.120811   0.326147 -0.0619281 -0.0423042  -0.028008    0.99679
1305031118.946974 -0.0294345  -0.106881   0.319384 -0.0598947 -0.0410771   -0.02938   0.996926
1305031118.979374 -0.0319108 -0.0904468   0.311034 -0.0592425 -0.0392137 -0.0334765   0.996911
1305031119.011363 -0.0338405 -0.0816182   0.304045 -0.0635646 -0.0388447 -0.0359665   0.996573
1305031119.047172  -0.034927 -0.0745681   0.297777 -0.0665844 -0.0392027 -0.0365623    0.99634
1305031119.079223 -0.0384877 -0.0649102   0.289358 -0.0671844 -0.0402559 -0.0368466   0.996247
1305031119.111328 -0.0381287 -0.0549296   0.283648 -0.0675312  -0.044178 -0.0360529   0.996086
1305031119.147616 -0.0400712 -0.0417406   0.275775 -0.0669194 -0.0468818 -0.0345344   0.996058
1305031119.179226 -0.0380141 -0.0374114   0.272169  -0.068807 -0.0520456 -0.0343289    0.99568
1305031119.211364 -0.0351363 -0.0252733   0.266031  -0.065415 -0.0548514 -0.0328584   0.995807
1305031119.247399 -0.0363866  -0.013941   0.259176 -0.0643875 -0.0554525 -0.0318008   0.995875
1305031119.279212  -0.0347147 -0.00359759    0.254753 -0.0639604 -0.0570497 -0.0319364   0.995808
1305031119.311212 -0.0359127 0.00466099   0.249203 -0.0643914 -0.0568881 -0.0296733    0.99586
1305031119.347741 -0.0370506  0.0121834    0.24396 -0.0640404 -0.0581925 -0.0272754   0.995876
1305031119.379239 -0.0364379    0.02775   0.238506 -0.0615349  -0.060468 -0.0266473   0.995915
1305031119.411484 -0.0313693  0.0362976    0.23789 -0.0627781 -0.0621557 -0.0260522   0.995749
1305031119.447706 -0.0311459  0.0451103   0.234822 -0.0636274 -0.0596553 -0.0256584   0.995859
1305031119.479267 -0.0326144  0.0564685   0.228817 -0.0615767  -0.056955 -0.0266224    0.99612
1305031119.511240 -0.0357204  0.0663482   0.223614 -0.0631088 -0.0546055 -0.0264435   0.996161
1305031119.547382 -0.0355461  0.0781513   0.220019 -0.0640032 -0.0546605 -0.0248943   0.996141
1305031119.579559 -0.033978 0.0957343   0.21747 -0.0638351 -0.0539748 -0.0246783   0.996194
1305031119.615017 -0.0359045   0.100605   0.214796 -0.0694704 -0.0513435 -0.0244227   0.995962
1305031119.647903 -0.0375204    0.11657   0.211797 -0.0704485 -0.0503407 -0.0233117   0.995972
1305031119.679208 -0.0345385   0.130133   0.213317 -0.0737446 -0.0494129 -0.0248348   0.995743
1305031119.715232 -0.0364896   0.137619   0.212657 -0.0804859  -0.044166 -0.0229785   0.995512
1305031119.747193 -0.0408057   0.143815   0.209344 -0.0854451 -0.0410227 -0.0183215   0.995329
1305031119.779169 -0.0415098   0.153024   0.208534 -0.0885432 -0.0425464 -0.0160294   0.995034
1305031119.814537 -0.0393181   0.162754   0.208058 -0.0905609  -0.044338 -0.0119929   0.994831
1305031119.847429 -0.0375838   0.171672   0.206751  -0.0934863  -0.0438925 -0.00760732    0.994623
1305031119.879214 -0.036542  0.175719  0.206896  -0.0955979  -0.0426769 -0.00696608     0.99448
1305031119.911401 -0.0368483    0.19115   0.203193  -0.0927926  -0.0407593 -0.00612198    0.994832
1305031119.947392 -0.0350286   0.196683   0.203482  -0.0983544  -0.0401787 -0.00545996    0.994325
1305031119.979537 -0.0335085   0.200786   0.203203   -0.101448   -0.037743 -0.00672038    0.994102
1305031120.015264 -0.0357631   0.212002   0.197845   -0.104074  -0.0331964 -0.00515031    0.994002
1305031120.047290 -0.0388185   0.208318   0.199667   -0.115113  -0.0317996 -0.00250231     0.99284
1305031120.079418 -0.0395165   0.207117   0.198353   -0.117919  -0.0337437 5.60261e-05     0.99245
1305031120.115232 -0.0392601   0.211668   0.197824  -0.118028 -0.0363198 0.00178897   0.992344
1305031120.148157 -0.0363991   0.208634   0.202916  -0.121089 -0.0388101 0.00291166   0.991878
1305031120.179246 -0.0350471   0.204546   0.205564  -0.120746 -0.0389324  0.0064477   0.991899
1305031120.215249 -0.0352326   0.199035   0.205516  -0.116915 -0.0388305 0.00696231   0.992358
1305031120.248003 -0.0355157   0.195753   0.205508  -0.112305 -0.0385712 0.00430251   0.992916
1305031120.279430 -0.0352538   0.189351   0.207766   -0.10933 -0.0379704  0.0026808   0.993276
1305031120.315196 -0.035248  0.181371  0.210034   -0.106977  -0.0376209 0.000700271    0.993549
1305031120.347787 -0.0349604   0.173622   0.213301    -0.103322   -0.0373902 -0.000872965     0.993945
1305031120.379437 -0.0335855   0.162517   0.218944    -0.102914   -0.0384682 -0.000845774     0.993946
1305031120.415445 -0.0306002   0.146522   0.227631  -0.0994079  -0.0408237 0.000331583    0.994209
1305031120.447417 -0.0327052   0.142798   0.227293   -0.0899946   -0.0400863 -0.000527268     0.995135
1305031120.479432 -0.0311986   0.131943   0.235041  -0.0873387   -0.041726 0.000717315    0.995304
1305031120.514819 -0.0318266   0.121172    0.23922 -0.0809466 -0.0433285 0.00321295   0.995771
1305031120.547736 -0.0320573   0.112564   0.242011 -0.0742552 -0.0460857    0.00529    0.99616
1305031120.579551 -0.0325938   0.104814   0.245193 -0.0707109 -0.0496707 0.00882962    0.99622
1305031120.615236 -0.0300466  0.0960592    0.25397 -0.0673342 -0.0552754  0.0121079   0.996125
1305031120.647354 -0.0292724  0.0888459   0.258419 -0.0615343 -0.0582186  0.0122112   0.996331
1305031120.679318 -0.0282307  0.0834144   0.264068 -0.0579392 -0.0600001  0.0133884   0.996426
1305031120.714522 -0.0278543  0.0757011   0.268353 -0.0555298   -0.06062   0.014166   0.996514
1305031120.747369 -0.0283429  0.0653781    0.27247 -0.0549565 -0.0626888  0.0146206   0.996412
1305031120.779894 -0.0255362  0.0560373   0.278194  -0.052814 -0.0658763  0.0151219   0.996314
1305031120.814944 -0.0250462  0.0511345   0.280508 -0.0488808  -0.066195  0.0147168     0.9965
1305031120.847921 -0.0248294  0.0414244    0.28478 -0.0499814 -0.0673517  0.0130036   0.996392
1305031120.883435 -0.0226348  0.0320399     0.2898 -0.0474884 -0.0677911  0.0114896   0.996502
1305031120.915444 -0.0236765  0.0266723   0.292097 -0.0449216 -0.0659882 0.00939265   0.996764
1305031120.947488 -0.0242607  0.0157999   0.295366 -0.0455546 -0.0655439 0.00723056   0.996783
1305031120.983366 -0.0252742 0.00720301   0.298452 -0.0447784 -0.0653364 0.00510061   0.996845
1305031121.015019  -0.0250601 -0.00185577    0.302543 -0.0429859 -0.0663179  0.0041146   0.996864
1305031121.047498  -0.0260707 -0.00718626    0.304485 -0.0413407 -0.0658705 0.00328624   0.996966
1305031121.083099  -0.028388 -0.0220173   0.307255  -0.041838 -0.0664654 0.00182893    0.99691
1305031121.114696 -0.0273885 -0.0287068   0.309775  -0.038634 -0.0682923 0.00246123   0.996914
1305031121.147331 -0.0280075 -0.0367693   0.311422 -0.0367044 -0.0687735 0.00216078   0.996955
1305031121.183271 -0.0278593 -0.0455883   0.314685 -0.0347429 -0.0704327 0.00175145    0.99691
1305031121.211420 -0.0250714 -0.0545974   0.319628 -0.0322079 -0.0712178 0.00190093   0.996939
1305031121.247194 -0.0279808 -0.0612322   0.319716 -0.0297547 -0.0688028  0.0014625   0.997185
1305031121.282876 -0.0276472 -0.0734593   0.324928  -0.030989 -0.0706242 0.00287951   0.997017
1305031121.313568 -0.0258713 -0.0840779    0.32969 -0.0286079  -0.071423 0.00392016   0.997028
1305031121.347517 -0.0293792 -0.0913169    0.33022 -0.0263654 -0.0713983 0.00509789   0.997086
1305031121.383226 -0.0240372  -0.103276    0.33859  -0.025616 -0.0749635 0.00638425   0.996837
1305031121.414318 -0.0242381  -0.110069   0.340702  -0.020506 -0.0739711  0.0055561   0.997034
1305031121.447319 -0.0237424  -0.116786    0.34436 -0.0190689 -0.0739096 0.00677408    0.99706
1305031121.482964 -0.0209313  -0.131895   0.350794  -0.019245 -0.0728296 0.00815285   0.997125
1305031121.514107 -0.0262504   -0.13734   0.348338 -0.0153162 -0.0691966 0.00875444   0.997447
1305031121.547270 -0.0245204  -0.143247   0.352207 -0.0164383 -0.0698834  0.0095874   0.997374
1305031121.583204 -0.0234296  -0.155993   0.357529 -0.0190677 -0.0690488 0.00874983   0.997393
1305031121.614700 -0.0212125    -0.1621   0.361117 -0.0172416 -0.0681249 0.00803852   0.997495
1305031121.647183 -0.0186784  -0.164484   0.364326 -0.0153072  -0.064867 0.00606491   0.997758
1305031121.683200 -0.0243604  -0.177127   0.365047 -0.0195405 -0.0593504 0.00413218   0.998037
1305031121.714520 -0.0262025  -0.185422   0.366657 -0.0204523 -0.0582561 0.00518101   0.998079
1305031121.747145 -0.0255097  -0.188937    0.37055 -0.0217666 -0.0584951  0.0057991   0.998034
1305031121.782835 -0.0247237  -0.197085   0.374553 -0.0242285 -0.0583509 0.00804406    0.99797
1305031121.811540 -0.0216256   -0.19812   0.378484 -0.0244239 -0.0581853  0.0104638   0.997952
1305031121.847335 -0.0241148  -0.202886   0.378556 -0.0270129 -0.0554053  0.0132648    0.99801
1305031121.882060 -0.0255963  -0.205223   0.378657 -0.0294084 -0.0546157  0.0191244   0.997891
1305031121.914931 -0.0255684  -0.206222   0.379282 -0.0312229 -0.0566637  0.0208202   0.997688
1305031121.947288 -0.0214805  -0.204805    0.38219 -0.0306539 -0.0601921   0.020883   0.997497
1305031121.982926 -0.0196555  -0.197832   0.382084 -0.0294119 -0.0603685  0.0209499   0.997523
1305031122.014256 -0.0222118  -0.196394   0.379554  -0.030343 -0.0595601  0.0182333   0.997597
1305031122.047306  -0.02237 -0.190699  0.376763  -0.028748 -0.0609041  0.0142929   0.997627
1305031122.082959 -0.0204818   -0.18391   0.375442  -0.027859 -0.0620581  0.0110359   0.997623
1305031122.114672 -0.0229986  -0.170304   0.370042 -0.0245943  -0.061227 0.00741304   0.997793
1305031122.150725 -0.0206561  -0.163394   0.368351 -0.0257405 -0.0624651 0.00225855   0.997713
1305031122.183042 -0.0205408   -0.14826   0.363353  -0.0217891  -0.0612694 -0.00268913     0.99788
1305031122.214959 -0.0255903  -0.123709   0.354637  -0.0200716  -0.0578406 -0.00814777    0.998091
1305031122.251319 -0.027261 -0.127247  0.351874 -0.0300921 -0.0567715 -0.0125603   0.997855
1305031122.283560 -0.0317745  -0.108451   0.344992  -0.027837 -0.0561833 -0.0147641   0.997923
1305031122.314289 -0.0356884 -0.0884818   0.338785 -0.0311342 -0.0572786 -0.0192671   0.997687
1305031122.351327 -0.0341629 -0.0832926   0.336848 -0.0394359 -0.0605445 -0.0214195   0.997156
1305031122.382630 -0.0377009 -0.0707515   0.330595 -0.0438215 -0.0615839 -0.0221792   0.996893
1305031122.414997 -0.0405335 -0.0663024   0.324218 -0.0493553 -0.0649541 -0.0229818   0.996402
1305031122.451257 -0.0409551 -0.0529294   0.318037 -0.0504584 -0.0695872 -0.0214462   0.996068
1305031122.483360 -0.0397416 -0.0454923   0.313717 -0.0546193 -0.0751392 -0.0211105   0.995452
1305031122.515097 -0.0370415 -0.0352764   0.309695 -0.0559404 -0.0801481 -0.0221075   0.994966
1305031122.551490  -0.033231 -0.0226035   0.306754 -0.0567492 -0.0825345 -0.0231271   0.994702
1305031122.583208 -0.0335245 -0.0134734   0.301685 -0.0584294 -0.0811185 -0.0248694    0.99468
1305031122.614980  -0.0382636 -0.00726041    0.293838 -0.0601755  -0.079536 -0.0247458   0.994706
1305031122.648788 -0.0382495 0.00532024    0.28857 -0.0581256 -0.0815698 -0.0232761   0.994699
1305031122.683402 -0.0383169  0.0153879   0.282645  -0.057779  -0.082698 -0.0222354    0.99465
1305031122.715208 -0.0410189  0.0258645    0.27718 -0.0577139 -0.0845063 -0.0193788   0.994561
1305031122.751298 -0.0382135  0.0403205   0.274306 -0.0563523 -0.0882987 -0.0183422    0.99433
1305031122.783423 -0.0379838  0.0562688   0.272108 -0.0579305 -0.0887369 -0.0189937   0.994188
1305031122.812555 -0.0361366   0.060339   0.270654  -0.065066 -0.0887607 -0.0196725   0.993731
1305031122.851418 -0.0311998  0.0704058   0.271165  -0.066644 -0.0868209 -0.0216587   0.993756
1305031122.883754 -0.0336145  0.0802562   0.267384 -0.0694806 -0.0795005 -0.0222035   0.994163
1305031122.914571 -0.037617 0.0833759  0.261675 -0.0748715 -0.0753782 -0.0213883    0.99411
1305031122.951341 -0.0376976  0.0898654   0.258954 -0.0761775 -0.0747088  -0.021006    0.99407
1305031122.982815 -0.039637  0.100029  0.254143 -0.0772791  -0.073946 -0.0177365   0.994105
1305031123.015450 -0.0378948   0.104191   0.252639 -0.0810951 -0.0758325  -0.014504   0.993712
1305031123.051827 -0.0359735   0.109911   0.250936 -0.0811896 -0.0761194 -0.0128228   0.993705
1305031123.082975 -0.0372571   0.124576   0.247223 -0.0785568 -0.0747573 -0.0103347   0.994049
1305031123.113873 -0.037515  0.136586  0.244955  -0.0806927  -0.0735652 -0.00778055     0.99399
1305031123.150822 -0.0378755   0.142791   0.243275  -0.0844626  -0.0728049 -0.00757185    0.993734
1305031123.182155 -0.0337637   0.157074      0.244  -0.0851886  -0.0728873 -0.00658713    0.993673
1305031123.214704 -0.0328704   0.166806   0.242722  -0.0895833  -0.0685244 -0.00688533    0.993595
1305031123.250618 -0.0345728   0.180911   0.239867  -0.0936852  -0.0639822 -0.00827147    0.993509
1305031123.282347 -0.0321574   0.191024   0.242109   -0.102019  -0.0622375 -0.00558862    0.992818
1305031123.311327 -0.0311406   0.197998   0.242865    -0.10857  -0.0585997 -0.00486469    0.992348
1305031123.350481 -0.0298077     0.2039   0.243579   -0.114945   -0.055077 -0.00469909    0.991833
1305031123.382255 -0.0259887   0.211688   0.245493   -0.120535  -0.0522534 -0.00104088    0.991332
1305031123.411363 -0.0242823   0.214833   0.245888  -0.126346 -0.0484143  0.0021217   0.990802
1305031123.451255 -0.0253985   0.222774   0.241129  -0.128425 -0.0448672 0.00274219     0.9907
1305031123.483594 -0.0228718   0.230316   0.240843  -0.133193 -0.0440558 0.00725517   0.990084
1305031123.511360 -0.0199344   0.232673   0.241513  -0.139081 -0.0437466  0.0105724   0.989258
1305031123.551513 -0.0192237   0.239284   0.238589  -0.141103 -0.0437157  0.0126124   0.988949
1305031123.579583 -0.0160233   0.245478   0.239581  -0.144112 -0.0447419  0.0159494   0.988421
1305031123.611335 -0.0153182   0.255827   0.236103  -0.143629 -0.0430562   0.017171   0.988545
1305031123.652411 -0.012482  0.263888  0.236104  -0.147256 -0.0421675  0.0171112   0.988051
1305031123.683753 -0.0116469   0.273322   0.234289  -0.149813 -0.0385164  0.0176005   0.987807
1305031123.711323 -0.0107486   0.277891   0.232855  -0.155002 -0.0349705  0.0186199   0.987119
1305031123.751723 -0.0100318   0.277614   0.233533  -0.161113 -0.0333975  0.0214455   0.986138
1305031123.783858 -0.0095948   0.279181   0.232374  -0.163498 -0.0338864  0.0234083   0.985684
1305031123.811608 -0.00840154    0.281595    0.232515  -0.164062 -0.0347573  0.0241691   0.985541
1305031123.851444 -0.00764321    0.280533    0.232218 -0.166253 -0.035111 0.0266432  0.985098
1305031123.883786 -0.00644865    0.276037    0.233872  -0.168323 -0.0373311  0.0284106   0.984615
1305031123.911243 -0.00609578    0.274145    0.234385  -0.164822 -0.0390203  0.0273985    0.98517
1305031123.951442 -0.00832762    0.273652    0.231237   -0.16385 -0.0377163  0.0281221   0.985363
1305031123.983415 -0.0078226   0.266915    0.23515  -0.167685 -0.0407272  0.0321732   0.984473
1305031124.011302 -0.00626962    0.259702    0.239329  -0.163314 -0.0458237   0.032286    0.98498
1305031124.051505 -0.00847303    0.256918    0.238838  -0.157225 -0.0473893  0.0314036   0.985925
1305031124.083837 -0.00755017    0.248606     0.24457  -0.157781 -0.0510956  0.0330171   0.985599
1305031124.111331 -0.00666561    0.240144    0.250804   -0.15164 -0.0549583  0.0325516    0.98637
1305031124.147446 -0.00945603    0.239172    0.250081  -0.142756 -0.0544986  0.0291708   0.987826
1305031124.182694 -0.00888575    0.227884    0.254963  -0.143419 -0.0561469  0.0278585   0.987675
1305031124.211396 -0.00782028     0.21554    0.260504  -0.138325 -0.0580082  0.0261673    0.98834
1305031124.249327 -0.0111192   0.208553   0.257064  -0.132229 -0.0568234  0.0254143   0.989263
1305031124.282545 -0.0118064   0.199214   0.259285  -0.132356 -0.0607927  0.0254035    0.98901
1305031124.311361 -0.00866407    0.188739    0.266798  -0.128878 -0.0668512   0.026897   0.989039
1305031124.350354 -0.00901213     0.18086    0.268083  -0.123202 -0.0697824  0.0259243   0.989586
1305031124.382420 -0.00775626    0.171679    0.272208  -0.119199 -0.0726256  0.0250141   0.989895
1305031124.411439 -0.00700898    0.162266    0.275669  -0.113562 -0.0744058  0.0252428   0.990419
1305031124.450245 -0.00637559    0.152132    0.277682 -0.106177  -0.07574 0.0235133   0.99118
1305031124.480099 -0.00633164    0.141879    0.279348 -0.0993018 -0.0767883  0.0219333   0.991848
1305031124.511324 -0.00656235    0.132958     0.28061 -0.0921531 -0.0783245  0.0204818   0.992448
1305031124.550437 -0.00720543    0.122402    0.282609 -0.0878159 -0.0797005  0.0181032   0.992778
1305031124.579404 -0.00779617    0.111027    0.286034 -0.0837692 -0.0820073  0.0157829    0.99298
1305031124.611358 -0.00712649    0.101228    0.290642 -0.0780493 -0.0848189  0.0145802   0.993228
1305031124.651271 -0.00698893   0.0909755    0.293967 -0.0738334  -0.087163   0.012929    0.99337
1305031124.679362 -0.00489033   0.0812829    0.301924 -0.0690044 -0.0901845  0.0121478   0.993457
1305031124.711251 -0.00445376   0.0721862    0.305809 -0.0637165 -0.0903999  0.0102444   0.993812
1305031124.749890 -0.00470981   0.0604377    0.310355  -0.061487 -0.0904416 0.00886016   0.993962
1305031124.779365 -0.00484477   0.0505611    0.315524 -0.0572661 -0.0917769 0.00852251   0.994095
1305031124.811360 -0.0043175  0.0405996   0.320351 -0.0547638 -0.0929333 0.00837908    0.99413
1305031124.850535 -0.0043664  0.0277451   0.327732 -0.0548749  -0.094497 0.00814903   0.993978
1305031124.879355 -0.000517827    0.0175069     0.338232 -0.0518747 -0.0963314 0.00791465   0.993965
1305031124.911448 -0.00167797  0.00895261    0.340631 -0.0498324 -0.0929851 0.00707705   0.994395
1305031124.950730 -0.00165118 -0.00189809    0.349052   -0.05273 -0.0920716 0.00727198   0.994329
1305031124.979438 -0.00392106  -0.0200833    0.355918 -0.0528649  -0.090461 0.00824651   0.994462
1305031125.011454 -0.00668424  -0.0299528     0.35729 -0.0478801 -0.0916651 0.00948956   0.994593
1305031125.050763 -0.00269506  -0.0328173    0.364633 -0.0440856    -0.0955  0.0107306   0.994395
1305031125.079364 -0.00324177  -0.0447367    0.370096 -0.0457586 -0.0941803  0.0137625   0.994408
1305031125.111364 -0.00430562  -0.0586353    0.374424  -0.046036 -0.0949518  0.0151365   0.994302
1305031125.151013 -0.00136392  -0.0634093    0.380979 -0.0404097 -0.0966323  0.0137127   0.994405
1305031125.179353 -0.0029444 -0.0657912   0.383973 -0.0395564 -0.0936067  0.0146534   0.994715
1305031125.211320 -0.00446221  -0.0841814    0.388033 -0.0456868 -0.0918556  0.0142325   0.994622
1305031125.250632 -0.0066597 -0.0969576   0.391335 -0.0440899 -0.0912157  0.0115617   0.994787
1305031125.279467 -0.00681052  -0.0992061    0.393888 -0.0398712 -0.0912918  0.0112873   0.994962
1305031125.311493 -0.00641738   -0.111623    0.398915 -0.0411311 -0.0898412  0.0117074   0.995038
1305031125.348880 -0.00811709   -0.115422    0.400273 -0.0360714 -0.0883544 0.00893356   0.995396
1305031125.379401 -0.00326283   -0.116743    0.407831 -0.0348672 -0.0884388 0.00535882   0.995457
1305031125.411335 -0.00396458   -0.119812     0.41086  -0.034194 -0.0817567 0.00473905   0.996054
1305031125.451195 -0.00634517   -0.129335    0.413991 -0.0385911 -0.0760324 0.00235564   0.996355
1305031125.479424 -0.0064681  -0.136972   0.417229  -0.0381713  -0.0722062 0.000676359    0.996659
1305031125.511316 -0.00767628   -0.136948    0.417237  -0.0370007  -0.0680078 0.000198567    0.996998
1305031125.551020 -0.00706601   -0.138992    0.418581  -0.0376156  -0.0652253 -0.00166269     0.99716
1305031125.579308 -0.0063032  -0.141618   0.420567  -0.0393687   -0.062045 -0.00394117    0.997289
1305031125.611533 -0.00904614   -0.151841    0.419148  -0.0410319  -0.0576011 -0.00487589    0.997484
1305031125.650575 -0.0158568  -0.154766   0.412927  -0.0368041  -0.0549178 -0.00229599     0.99781
1305031125.679328 -0.0195357  -0.144978   0.405628   -0.0307684   -0.0578776 -0.000729632     0.997849
1305031125.711443 -0.0162763  -0.149571   0.404511  -0.0313001  -0.0643077 0.000838134    0.997439
1305031125.751260 -0.0109071  -0.126704   0.400107 -0.0213526 -0.0681853 0.00423436   0.997435
1305031125.779348 -0.00917723   -0.120456    0.397692 -0.0217096 -0.0697821 0.00127697   0.997325
1305031125.811573 -0.0079853  -0.105049   0.393829  -0.0187744   -0.069307 0.000582717    0.997419
1305031125.847412 -0.00940776   -0.101237    0.389795  -0.0222168  -0.0674024 -0.00197358    0.997477
1305031125.879318 -0.0145338 -0.0904492   0.382179  -0.0210525    -0.06616 -0.00290358    0.997583
1305031125.911305 -0.0189113 -0.0790834   0.375473  -0.0242314  -0.0680099 -0.00236056    0.997388
1305031125.947343 -0.020449 -0.078196   0.37095   -0.0298029   -0.0745177 -0.000415553     0.996774
1305031125.979324 -0.0175909 -0.0636192   0.367748 -0.0287987 -0.0829129 0.00349071   0.996134
1305031126.011333  -0.012217 -0.0496801   0.367441 -0.0302523 -0.0903956 0.00399453   0.995438
1305031126.047324 -0.00741523   -0.033765    0.366847 -0.0319789 -0.0933377 0.00471604    0.99511
1305031126.079356 -0.0068389 -0.0205232   0.364951 -0.0359367 -0.0920339 0.00533542   0.995093
1305031126.111370 -0.00580133  -0.0127755    0.363922 -0.0409473 -0.0917152 0.00430122   0.994934
1305031126.147432 -0.00712884  0.00545966    0.361085  -0.041594 -0.0900204  0.0057079   0.995055
1305031126.179384 -0.00802983   0.0186502    0.358581 -0.0481876 -0.0900833 0.00605262   0.994749
1305031126.211319 -0.00445716   0.0236476    0.358718  -0.055294 -0.0920025 0.00669876     0.9942
1305031126.247298 -0.00378032   0.0411133      0.3571 -0.0566705 -0.0911059 0.00704332   0.994202
1305031126.279363 -0.0026807  0.0526131    0.35548 -0.0614016 -0.0899255 0.00630197   0.994034
1305031126.311332 -0.00154093   0.0665418    0.353998 -0.0653652 -0.0874527 0.00473449   0.994011
1305031126.347363 -0.0016701   0.074403   0.351176 -0.0712096 -0.0837095 0.00298235   0.993938
1305031126.379423 -0.00391103   0.0835637    0.346692 -0.0755865 -0.0799844 0.00142096   0.993925
1305031126.411465 -0.00406324   0.0943292    0.344381  -0.0803382  -0.0786835 -0.00016153    0.993657
1305031126.447361 -0.00346584    0.100471    0.342647  -0.0862673  -0.0777444 0.000497578    0.993234
1305031126.479533 -0.00502577    0.108329    0.337002 -0.0893369  -0.077208 0.00303072      0.993
1305031126.511410 -0.00575938    0.122227    0.332879 -0.0913667 -0.0787434 0.00465427   0.992688
1305031126.547374 -0.00204343     0.13197    0.333978 -0.0974094 -0.0808743 0.00532922   0.991939
1305031126.579454 -0.000289227      0.13974     0.332182   -0.10233 -0.0793156 0.00694004   0.991559
1305031126.611528 -0.000315363     0.146961     0.329725   -0.10828 -0.0774066 0.00805297   0.991069
1305031126.647376 0.00259308   0.150764   0.331851  -0.113817 -0.0770447  0.0101492   0.990458
1305031126.679479 0.0032541  0.156115  0.329179 -0.116373 -0.074775 0.0144356  0.990282
1305031126.711583 0.00480663   0.163003   0.326891   -0.11912 -0.0736567  0.0174264   0.989991
1305031126.747316 0.00749922   0.163285   0.326334 -0.122129 -0.072793 0.0205871  0.989627
1305031126.779379 0.00778973   0.169887   0.321778  -0.121051 -0.0713154  0.0235382   0.989801
1305031126.811602 0.0113923  0.174391  0.322236  -0.121268 -0.0705837  0.0242805   0.989809
1305031126.847343 0.0119927  0.177933   0.31872  -0.121528 -0.0665194  0.0245029   0.990053
1305031126.879357 0.0142254  0.178138  0.315882  -0.123446 -0.0650934   0.025131   0.989895
1305031126.911364 0.0158069  0.179439  0.315344 -0.123801 -0.063495 0.0244143  0.989973
1305031126.947437 0.0155106  0.179492  0.311494  -0.125101 -0.0617037  0.0259395   0.989884
1305031126.979337 0.0163085  0.178499  0.311471  -0.126232 -0.0629405  0.0276511   0.989616
1305031127.011371 0.0172428   0.17856  0.311583   -0.12462 -0.0642167  0.0279738   0.989729
1305031127.047297 0.0173498   0.17976  0.310305  -0.123152 -0.0643282  0.0288044   0.989882
1305031127.079299 0.017055  0.17814 0.310106  -0.124139 -0.0646323  0.0292025   0.989727
1305031127.111435 0.0159337  0.174672  0.309275    -0.1249 -0.0661771  0.0303663   0.989494
1305031127.147307 0.0153725  0.172161  0.310654  -0.123942 -0.0695397  0.0315099   0.989348
1305031127.179349 0.0149578  0.172046  0.310771  -0.121004 -0.0722228  0.0308115   0.989542
1305031127.211700 0.0159788  0.171256   0.31407  -0.119955 -0.0744463  0.0306743   0.989509
1305031127.247374 0.0161413  0.167167  0.316501  -0.118634 -0.0747832  0.0300078   0.989663
1305031127.279465 0.0146491   0.16638  0.315328  -0.115587 -0.0741466  0.0287069    0.99011
1305031127.311362 0.0138892  0.163426  0.317134  -0.116228 -0.0749353  0.0281511   0.989992
1305031127.347356 0.013932 0.157669 0.320856  -0.115394 -0.0768773  0.0279894   0.989945
1305031127.379262 0.0128432  0.157633  0.320153    -0.1118 -0.0773515  0.0275751   0.990332
1305031127.411371 0.0121741  0.156107  0.321706 -0.111416 -0.078363 0.0269263  0.990313
1305031127.447333 0.0118621  0.151166   0.32565  -0.111544 -0.0799017  0.0268454   0.990178
1305031127.479362 0.0101773  0.152374  0.324526  -0.108349 -0.0801149  0.0258876   0.990541
1305031127.511356 0.00939379   0.151428   0.326486  -0.109251 -0.0812294  0.0247182   0.990381
1305031127.547348 0.00995404   0.147104   0.330821  -0.109978 -0.0828672  0.0247534   0.990164
1305031127.579345 0.00896245   0.147419   0.330327  -0.107573 -0.0828115  0.0244139   0.990442
1305031127.611271 0.00851682   0.148205   0.330919  -0.107353 -0.0832745  0.0239404   0.990438
1305031127.647358 0.00939003   0.145064   0.334073  -0.109196 -0.0841693  0.0254896   0.990122
1305031127.679298 0.00885244   0.143637    0.33389  -0.107735 -0.0842802  0.0263502    0.99025
1305031127.711375 0.00782009   0.145393    0.33232 -0.106231  -0.08444 0.0256638  0.990417
1305031127.747304 0.00876177   0.143419   0.335337  -0.107953 -0.0856872  0.0259386   0.990117
1305031127.779346 0.00839949   0.140809   0.336023  -0.107461 -0.0857264  0.0263017   0.990157
1305031127.811829 0.00721565   0.142062   0.334099  -0.105137 -0.0854499  0.0250705   0.990463
1305031127.847366 0.00698202   0.141297   0.334633  -0.105482 -0.0855899  0.0242367   0.990434
1305031127.879380 0.00624179   0.139775   0.334811  -0.105847 -0.0856923  0.0238982   0.990395
1305031127.911476 0.00530288   0.139641   0.334492  -0.105331 -0.0862861  0.0234013    0.99041
1305031127.947366 0.00473091   0.140834   0.334757  -0.105491 -0.0869635  0.0233885   0.990334
1305031127.979371 0.00498734   0.139741   0.337281  -0.107454 -0.0881642   0.023452   0.990015
1305031128.011427 0.00564115   0.140458   0.339764  -0.108092 -0.0887092  0.0229397   0.989909
1305031128.047369 0.0067918  0.138644  0.343868  -0.111192 -0.0884973  0.0241908   0.989555
1305031128.079334 0.00656272   0.135626   0.345495  -0.111952 -0.0880227  0.0251706   0.989487
1305031128.111391 0.00666346   0.135076   0.346418  -0.111238 -0.0882289  0.0257863   0.989534
1305031128.147418 0.00726733   0.134868   0.348014  -0.111992 -0.0885644  0.0274642   0.989373
1305031128.179350 0.00836445   0.131427   0.351057  -0.112299 -0.0890493  0.0289574   0.989253
1305031128.211447 0.00746678   0.132097   0.348633  -0.109786 -0.0882178  0.0290952   0.989605
1305031128.247480 0.00704016   0.132735   0.348361  -0.109837 -0.0884794  0.0293545   0.989568
1305031128.279336 0.00791723    0.13024   0.351004  -0.110742 -0.0894504  0.0296091   0.989373
1305031128.311483 0.00704733   0.131008   0.349158  -0.108872 -0.0888601  0.0288362   0.989656
1305031128.347423 0.00613011   0.130862   0.348236  -0.108838 -0.0885633  0.0279051   0.989713
1305031128.379404 0.00592917   0.129666   0.349347  -0.109304 -0.0891795   0.026422   0.989647
1305031128.411337 0.00559789   0.128907   0.349183  -0.108604 -0.0891116  0.0251972   0.989762
1305031128.447296 0.00452011   0.128743   0.347886  -0.108022 -0.0886455  0.0239181     0.9899
1305031128.479296 0.00451959   0.127879   0.348677  -0.108367 -0.0891389  0.0228445   0.989843
1305031128.511433 0.0047025  0.127104  0.348949  -0.108029 -0.0890924  0.0221655   0.989899
1305031128.547399 0.00479923   0.126904    0.34927  -0.108013 -0.0886689  0.0216796    0.98995
1305031128.579455 0.00482623    0.12466   0.349504  -0.108081 -0.0880341  0.0214209   0.990005
1305031128.611395 0.00381202   0.123513    0.34747  -0.107015 -0.0874689  0.0216654   0.990165
1305031128.647352 0.00278139   0.123347   0.345912  -0.106416 -0.0882056  0.0218639    0.99016
1305031128.679282 0.00358908   0.122502   0.347312  -0.106202 -0.0901658  0.0216643   0.990011
1305031128.711457 0.00442278    0.12295   0.347976 -0.104685 -0.090576 0.0208587  0.990152
1305031128.747363 0.00418279   0.123313   0.346737  -0.103625 -0.0893598  0.0196741   0.990399
